{
	"count":11,
	"props":[[1,5,100,500],[-1,0,300,300],[-1,0,300,500],[-1,0,300,700],[-1,0,500,300],[-1,0,500,500],[-1,0,500,700],[-1,0,700,300],[-1,0,700,500],[-1,0,700,700],[0,5,900,500]],
	"adj":[[1,2,3],[0,4],[0,5],[0,6],[1,7],[2,8],[3,9],[4,10],[5,10],[6,10],[7,8,9]],
	"escape":2,
	"nodeBonus":4,
	"edgeBonus":1,
	"firstlvl":10,
	"secondlvl":30,
	"lossRate1":0.666666666666667,
	"lossRate2":0.333333333333333,
	"turns":100
}