{
	"count":17,
	"props":[[-1,0,100,500],[-1,0,200,300],[1,5,200,500],[-1,0,150,700],[-1,0,250,700],[-1,0,300,500],[-1,0,450,300],[-1,0,550,300],[-1,0,500,500],[-1,0,450,700],[-1,0,550,700],[-1,0,700,500],[-1,0,800,300],[0,5,800,500],[-1,0,900,500],[-1,0,750,700],[-1,0,850,700]],
	"adj":[[1,2,3],[0,2,5],[0,1,3,4,5],[0,2,4],[3,2,5],[1,2,4,8],[7,8],[6,8],[5,6,7,9,10,11],[8,10],[8,9],[8,12,13,15],[11,13,14],[11,12,14,15,16],[12,13,16],[11,13,16],[13,14,15]],
	"escape":2,
	"nodeBonus":4,
	"edgeBonus":1,
	"firstlvl":10,
	"secondlvl":30,
	"lossRate1":0.666666666666667,
	"lossRate2":0.333333333333333,
	"turns":100
}