{
	"count":18,
	"props":[[-1,0,100,100],[-1,0,200,100],[-1,0,300,100],[-1,0,500,100],[-1,0,600,100],[-1,0,700,100],[1,5,100,200],[-1,0,200,200],[-1,0,300,200],[-1,0,500,200],[-1,0,600,200],[0,5,700,200],[-1,0,100,300],[-1,0,200,300],[-1,0,300,300],[-1,0,500,300],[-1,0,600,300],[-1,0,700,300]],
	"adj":[[1,6,7],[0,2,7],[1,3,7,8],[4,2,10,9],[3,5,10],[4,10,11],[0,7,12],[0,1,2,6,8,12,13,14],[2,7,14,9],[3,8,15,10],[3,4,5,9,11,15,16,17],[5,10,17],[6,13,7],[12,7,14],[13,7,8,15],[9,14,10,16],[15,10,17],[11,10,16]],
	"escape":2,
	"nodeBonus":4,
	"edgeBonus":1,
	"firstlvl":10,
	"secondlvl":30,
	"lossRate1":0.666666666666667,
	"lossRate2":0.333333333333333,
	"turns":100
}
