{
	"count":25,
	"props":[[-1,0,500,100],[-1,0,500,175],[1,10,200,300],[-1,0,300,300],[-1,0,700,300],[-1,0,800,300],[-1,0,100,400],[-1,0,200,400],[-1,0,300,400],[-1,0,700,400],
			 [-1,0,800,400],[-1,0,900,400],[-1,0,100,600],[-1,0,200,600],[-1,0,300,600],[-1,0,700,600],[-1,0,800,600],[-1,0,900,600],[-1,0,200,700],[-1,0,300,700],
			 [-1,0,700,700],[0,10,800,700],[-1,0,500,825],[-1,0,500,900],[-1,0,500,500]],
	"adj":  [[1],[0,3,4],[3,7],[1,2,4,8],[1,3,5,9],[4,10,11],[12],[2,8,13],[3,7,9,14,24],[4,8,10,15,24],
		     [5,9,16],[5,17],[6,18],[7,14,18],[8,13,15,19,24],[9,14,16,20,24],[10,15,21],[11],[12,13,19],[14,18,20,22],
		     [15,19,21,22],[16,20],[19,20,23],[22],[8,9,14,15]],
	"escape":2,
	"nodeBonus":4,
	"edgeBonus":1,
	"firstlvl":10,
	"secondlvl":30,
	"lossRate1":0.666666666666667,
	"lossRate2":0.333333333333333,
	"turns":100
}